0 0.489746 0.657715 0.090820 0.094727
1 0.625977 0.710449 0.097656 0.102539
0 0.662109 0.177246 0.070312 0.077148
0 0.515137 0.376953 0.086914 0.070312
1 0.521484 0.434570 0.083984 0.072266
1 0.507812 0.511719 0.078125 0.085938
1 0.622559 0.389648 0.063477 0.097656
1 0.697266 0.428711 0.042969 0.070312
0 0.735352 0.521973 0.107422 0.083008
0 0.766113 0.483398 0.073242 0.074219
0 0.556152 0.596191 0.071289 0.086914
0 0.599609 0.540527 0.070312 0.067383
1 0.625488 0.600098 0.094727 0.079102
0 0.810547 0.728027 0.130859 0.090820
1 0.927246 0.507812 0.077148 0.078125
0 0.705078 0.627930 0.076172 0.083984
1 0.779785 0.658203 0.079102 0.082031
